1970 42.328
1985 222.94
2000 655.42
2016 1796.00
2009 1667.00
1979 224.96
1983 203.30
1992 400.59
1974 105.136
1975 123.709
1976 152.678
1987 294.08
2012 2465.00
2002 507.96
1971 49.204
1977 176.171
1995 769.30
2019 1840.00
2006 1108.00
1994 558.11
2017 2063.00
2005 891.63
2004 669.31
2011 2616.00
1984 209.02
1990 461.95
2014 2456.00
1986 268.13
2003 558.32
2018 1885.00
1993 437.79
1972 58.539
1996 850.42
1973 79.279
1980 235.02
2008 1696.00
1981 63.56
1997 883.20
2010 2209.00
1999 599.38
1982 281.68
2007 1397.00
2015 1802.00
1998 863.72
2001 559.37
1988 330.39
2013 2473.00
1991 602.86
1978 200.801
1989 425.59
